Spalte1,Spalte2
5.0,-7
5.01,8
5.02,-10
5.03,7
5.04,19
5.05,19
5.06,22
5.07,24
5.08,24
5.09,22
5.1,19
5.11,19
5.12,22
5.13,26
5.14,30
5.15,29
5.16,26
5.17,20
5.18,17
5.19,16
5.2,18
5.21,21
5.22,23
5.23,24
5.24,24
5.25,23
5.26,21
5.27,16
5.28,9
5.29,2
5.3,-3
5.31,-5
5.32,-2
5.33,2
5.34,5
5.35,8
5.36,11
5.37,14
5.38,18
5.39,21
5.4,25
5.41,26
5.42,25
5.43,21
5.44,15
5.45,12
5.46,13
5.47,19
5.48,26
5.49,29
5.5,26
5.51,18
5.52,7
5.53,-3
5.54,-12
5.55,-17
5.56,-20
5.57,-18
5.58,-13
5.59,-7
5.6,-2
5.61,2
5.62,6
5.63,12
5.64,17
5.65,21
5.66,22
5.67,19
5.68,16
5.69,14
5.7,12
5.71,10
5.72,8
5.73,6
5.74,5
5.75,6
5.76,8
5.77,10
5.78,12
5.79,12
5.8,13
5.81,12
5.82,11
5.83,8
5.84,6
5.85,3
5.86,4
5.87,7
5.88,10
5.89,13
5.9,17
5.91,20
5.92,24
5.93,27
5.94,26
5.95,22
5.96,15
5.97,7
5.98,2
5.99,0
6.0,1
6.01,2
6.02,1
6.03,1
6.04,1
6.05,3
6.06,7
6.07,10
6.08,13
6.09,16
6.1,19
6.11,25
6.12,31
6.13,34
6.14,34
6.15,31
6.16,26
6.17,19
6.18,13
6.19,8
6.2,5
6.21,4
6.22,5
6.23,7
6.24,8
6.25,8
6.26,8
6.27,7
6.28,5
6.29,2
6.3,-4
6.31,-11
6.32,-15
6.33,-15
6.34,-10
6.35,-2
6.36,8
6.37,14
6.38,16
6.39,13
6.4,6
6.41,1
6.42,-1
6.43,1
6.44,6
6.45,9
6.46,8
6.47,7
6.48,7
6.49,10
6.5,16
6.51,20
6.52,19
6.53,14
6.54,7
6.55,2
6.56,1
6.57,4
6.58,10
6.59,13
6.6,13
6.61,7
6.62,-1
6.63,-7
6.64,-9
6.65,-5
6.66,1
6.67,5
6.68,5
6.69,0
6.7,-6
6.71,-8
6.72,-7
6.73,-1
6.74,6
6.75,13
6.76,17
6.77,17
6.78,15
6.79,10
6.8,5
6.81,0
6.82,-4
6.83,-6
6.84,-5
6.85,-1
6.86,3
6.87,7
6.88,7
6.89,5
6.9,-2
6.91,-9
6.92,-16
6.93,-16
6.94,-12
6.95,-4
6.96,3
6.97,8
6.98,10
6.99,10
7.0,8
7.01,7
7.02,7
7.03,8
7.04,7
7.05,7
7.06,7
7.07,7
7.08,4
7.09,1
7.1,-2
7.11,-5
7.12,-8
7.13,-7
7.14,-2
7.15,3
7.16,10
7.17,15
7.18,17
7.19,16
7.2,15
7.21,14
7.22,13
7.23,10
7.24,6
7.25,3
7.26,0
7.27,-1
7.28,1
7.29,3
7.3,4
7.31,6
7.32,7
7.33,8
7.34,8
7.35,8
7.36,6
7.37,6
7.38,9
7.39,13
7.4,18
7.41,22
7.42,24
7.43,23
7.44,20
7.45,15
7.46,9
7.47,5
7.48,4
7.49,6
7.5,11
7.51,16
7.52,20
7.53,19
7.54,15
7.55,11
7.56,7
7.57,7
7.58,9
7.59,12
7.6,16
7.61,20
7.62,22
7.63,26
7.64,28
7.65,29
7.66,29
7.67,28
7.68,26
7.69,21
7.7,16
7.71,10
7.72,7
7.73,9
7.74,16
7.75,25
7.76,31
7.77,34
7.78,34
7.79,29
7.8,26
7.81,24
7.82,22
7.83,24
7.84,24
7.85,22
7.86,21
7.87,18
7.88,18
7.89,19
7.9,18
7.91,16
7.92,11
7.93,3
7.94,-3
7.95,-4
7.96,-1
7.97,7
7.98,16
7.99,24
8.0,28
8.01,27
8.02,22
8.03,15
8.04,9
8.05,6
8.06,6
8.07,8
8.08,11
8.09,13
8.1,17
8.11,20
8.12,23
8.13,25
8.14,26
8.15,25
8.16,22
8.17,19
8.18,16
8.19,12
8.2,10
8.21,6
8.22,3
8.23,0
8.24,-2
8.25,-1
8.26,1
8.27,4
8.28,5
8.29,7
8.3,7
8.31,5
8.32,3
8.33,2
8.34,3
8.35,3
8.36,3
8.37,4
8.38,4
8.39,5
8.4,6
8.41,10
8.42,12
8.43,16
8.44,17
8.45,14
8.46,9
8.47,3
8.48,0
8.49,1
8.5,5
8.51,13
8.52,18
8.53,25
8.54,28
8.55,30
8.56,28
8.57,23
8.58,16
8.59,10
8.6,5
8.61,1
8.62,0
8.63,-1
8.64,0
8.65,2
8.66,7
8.67,13
8.68,21
8.69,27
8.7,30
8.71,28
8.72,24
8.73,20
8.74,14
8.75,12
8.76,10
8.77,9
8.78,7
8.79,5
8.8,1
8.81,-3
8.82,-7
8.83,-9
8.84,-9
8.85,-6
8.86,-3
8.87,2
8.88,5
8.89,8
8.9,10
8.91,12
8.92,14
8.93,17
8.94,18
8.95,18
8.96,16
8.97,16
8.98,16
8.99,18
9.0,18
9.01,15
9.02,8
9.03,2
9.04,-1
9.05,1
9.06,2
9.07,2
9.08,-2
9.09,-8
9.1,-11
9.11,-7
9.12,0
9.13,9
9.14,15
9.15,16
9.16,13
9.17,8
9.18,4
9.19,1
9.2,0
9.21,2
9.22,5
9.23,8
9.24,8
9.25,7
9.26,5
9.27,6
9.28,8
9.29,13
9.3,14
9.31,13
9.32,11
9.33,9
9.34,8
9.35,7
9.36,6
9.37,3
9.38,1
9.39,-1
9.4,1
9.41,3
9.42,7
9.43,9
9.44,8
9.45,8
9.46,9
9.47,10
9.48,11
9.49,11
9.5,9
9.51,10
9.52,12
9.53,16
9.54,18
9.55,18
9.56,16
9.57,11
9.58,6
9.59,2
9.6,3
9.61,7
9.62,15
9.63,22
9.64,26
9.65,24
9.66,17
9.67,10
9.68,5
9.69,6
9.7,8
9.71,9
9.72,9
9.73,4
9.74,1
9.75,-1
9.76,2
9.77,5
9.78,9
9.79,14
9.8,17
9.81,20
9.82,21
9.83,21
9.84,16
9.85,9
9.86,4
9.87,0
9.88,-1
9.89,-1
9.9,0
9.91,4
9.92,9
9.93,14
9.94,15
9.95,14
9.96,11
9.97,8
9.98,7
9.99,7
10.0,8
10.01,9
10.02,8
10.03,6
10.04,2
10.05,-2
10.06,-5
10.07,-6
10.08,-5
10.09,-4
10.1,-2
10.11,0
10.12,0
10.13,1
10.14,0
10.15,2
10.16,5
10.17,12
10.18,19
10.19,24
10.2,27
10.21,27
10.22,26
10.23,25
10.24,23
10.25,21
10.26,16
10.27,10
10.28,6
10.29,3
10.3,3
10.31,6
10.32,8
10.33,10
10.34,9
10.35,8
10.36,11
10.37,14
10.38,20
10.39,25
10.4,27
10.41,28
10.42,26
10.43,22
10.44,17
10.45,13
10.46,11
10.47,11
10.48,13
10.49,15
10.5,16
10.51,15
10.52,14
10.53,14
10.54,16
10.55,20
10.56,21
10.57,19
10.58,11
10.59,2
10.6,-2
10.61,-2
10.62,1
10.63,6
10.64,7
10.65,8
10.66,9
10.67,10
10.68,14
10.69,17
10.7,21
10.71,24
10.72,23
10.73,20
10.74,14
10.75,7
10.76,2
10.77,2
10.78,6
10.79,12
10.8,17
10.81,17
10.82,14
10.83,9
10.84,4
10.85,3
10.86,4
10.87,6
10.88,8
10.89,8
10.9,7
10.91,7
10.92,5
10.93,5
10.94,6
10.95,8
10.96,10
10.97,14
10.98,15
10.99,14
11.0,11
11.01,5
11.02,0
11.03,0
11.04,2
11.05,7
11.06,10
11.07,10
11.08,11
11.09,10
11.1,12
11.11,17
11.12,20
11.13,23
11.14,24
11.15,24
11.16,24
11.17,24
11.18,22
11.19,18
11.2,13
11.21,8
11.22,4
11.23,5
11.24,8
11.25,10
11.26,12
11.27,11
11.28,8
11.29,7
11.3,5
11.31,4
11.32,5
11.33,5
11.34,6
11.35,7
11.36,9
11.37,10
11.38,10
11.39,11
11.4,11
11.41,13
11.42,18
11.43,23
11.44,25
11.45,23
11.46,15
11.47,6
11.48,0
11.49,-1
11.5,5
11.51,16
11.52,26
11.53,34
11.54,38
11.55,36
11.56,32
11.57,28
11.58,26
11.59,24
11.6,21
11.61,18
11.62,14
11.63,14
11.64,18
11.65,24
11.66,28
11.67,29
11.68,24
11.69,15
11.7,8
11.71,5
11.72,4
11.73,6
11.74,8
11.75,7
11.76,4
11.77,2
11.78,1
11.79,3
11.8,6
11.81,9
11.82,12
11.83,15
11.84,19
11.85,20
11.86,20
11.87,18
11.88,14
11.89,11
11.9,9
11.91,10
11.92,12
11.93,15
11.94,17
11.95,16
11.96,14
11.97,11
11.98,9
11.99,6
12.0,4
12.01,4
12.02,5
12.03,7
12.04,8
12.05,9
12.06,8
12.07,6
12.08,6
12.09,7
12.1,8
12.11,9
12.12,12
12.13,12
12.14,12
12.15,10
12.16,11
12.17,11
12.18,12
12.19,14
12.2,16
12.21,16
12.22,16
12.23,18
12.24,19
12.25,20
12.26,20
12.27,18
12.28,11
12.29,3
12.3,-5
12.31,-9
12.32,-9
12.33,-5
12.34,2
12.35,7
12.36,11
12.37,14
12.38,17
12.39,17
12.4,15
12.41,14
12.42,14
12.43,16
12.44,17
12.45,16
12.46,15
12.47,13
12.48,14
12.49,17
12.5,22
12.51,24
12.52,23
12.53,21
12.54,20
12.55,20
12.56,19
12.57,18
12.58,17
12.59,18
12.6,19
12.61,19
12.62,18
12.63,15
12.64,10
12.65,7
12.66,5
12.67,6
12.68,8
12.69,10
12.7,11
12.71,11
12.72,11
12.73,11
12.74,12
12.75,16
12.76,21
12.77,24
12.78,24
12.79,24
12.8,23
12.81,22
12.82,21
12.83,18
12.84,13
12.85,9
12.86,5
12.87,5
12.88,8
12.89,14
12.9,21
12.91,26
12.92,28
12.93,28
12.94,27
12.95,24
12.96,22
12.97,19
12.98,17
12.99,16
13.0,14
13.01,10
13.02,6
13.03,4
13.04,8
13.05,16
13.06,25
13.07,30
13.08,28
13.09,20
13.1,8
13.11,-1
13.12,-5
13.13,-2
13.14,5
13.15,14
13.16,22
13.17,29
13.18,33
13.19,34
13.2,31
13.21,27
13.22,24
13.23,25
13.24,30
13.25,37
13.26,42
13.27,45
13.28,47
13.29,47
13.3,50
13.31,56
13.32,63
13.33,69
13.34,73
13.35,71
13.36,66
13.37,59
13.38,54
13.39,52
13.4,56
13.41,66
13.42,76
13.43,85
13.44,91
13.45,93
13.46,95
13.47,101
13.48,112
13.49,129
13.5,146
13.51,161
13.52,170
13.53,174
13.54,172
13.55,169
13.56,164
13.57,159
13.58,153
13.59,145
13.6,133
13.61,115
13.62,92
13.63,67
13.64,43
13.65,26
13.66,17
13.67,12
13.68,11
13.69,11
13.7,11
13.71,9
13.72,7
13.73,4
13.74,4
13.75,6
13.76,8
13.77,10
13.78,11
13.79,9
13.8,6
13.81,4
13.82,2
13.83,2
13.84,4
13.85,8
13.86,11
13.87,13
13.88,14
13.89,13
13.9,11
13.91,10
13.92,11
13.93,13
13.94,16
13.95,18
13.96,18
13.97,15
13.98,11
13.99,8
14.0,7
14.01,6
14.02,5
14.03,3
14.04,0
14.05,-1
14.06,3
14.07,9
14.08,15
14.09,16
14.1,13
14.11,8
14.12,4
14.13,3
14.14,7
14.15,10
14.16,12
14.17,12
14.18,9
14.19,6
14.2,4
14.21,5
14.22,6
14.23,6
14.24,4
14.25,2
14.26,1
14.27,2
14.28,3
14.29,5
14.3,7
14.31,9
14.32,14
14.33,18
14.34,21
14.35,19
14.36,16
14.37,13
14.38,9
14.39,7
14.4,6
14.41,4
14.42,4
14.43,5
14.44,7
14.45,9
14.46,8
14.47,5
14.48,1
14.49,-3
14.5,-3
14.51,0
14.52,4
14.53,9
14.54,10
14.55,9
14.56,7
14.57,6
14.58,8
14.59,10
14.6,13
14.61,14
14.62,14
14.63,12
14.64,9
14.65,6
14.66,3
14.67,0
14.68,-2
14.69,-2
14.7,2
14.71,8
14.72,13
14.73,16
14.74,15
14.75,11
14.76,4
14.77,-1
14.78,-4
14.79,-3
14.8,-1
14.81,0
14.82,1
14.83,2
14.84,5
14.85,8
14.86,10
14.87,10
14.88,9
14.89,7
14.9,5
14.91,7
14.92,10
14.93,13
14.94,15
14.95,14
14.96,11
14.97,8
14.98,6
14.99,7
15.0,11
15.01,17
15.02,20
15.03,22
15.04,23
15.05,24
15.06,27
15.07,30
15.08,31
15.09,30
15.1,28
15.11,25
15.12,25
15.13,30
15.14,38
15.15,49
15.16,55
15.17,57
15.18,54
15.19,48
15.2,41
15.21,34
15.22,30
15.23,28
15.24,27
15.25,26
15.26,23
15.27,18
15.28,12
15.29,6
15.3,0
15.31,-4
15.32,-6
15.33,-8
15.34,-8
15.35,-8
15.36,-10
15.37,-11
15.38,-11
15.39,-11
15.4,-9
15.41,-6
15.42,-3
15.43,0
15.44,0
15.45,0
15.46,2
15.47,5
15.48,7
15.49,7
15.5,2
15.51,-4
15.52,-8
15.53,-5
15.54,0
15.55,6
15.56,8
15.57,6
15.58,1
15.59,-3
15.6,-5
15.61,-5
15.62,-4
15.63,-3
15.64,-2
15.65,-1
15.66,-1
15.67,-1
15.68,0
15.69,3
15.7,8
15.71,13
15.72,17
15.73,15
15.74,11
15.75,7
15.76,6
15.77,8
15.78,12
15.79,14
15.8,13
15.81,10
15.82,6
15.83,4
15.84,3
15.85,3
15.86,4
15.87,4
15.88,4
15.89,5
15.9,8
15.91,12
15.92,15
15.93,17
15.94,17
15.95,16
15.96,17
15.97,20
15.98,21
15.99,22
16.0,21
16.01,18
16.02,15
16.03,14
16.04,14
16.05,15
16.06,17
16.07,19
16.08,20
16.09,22
16.1,22
16.11,23
16.12,24
16.13,26
16.14,27
16.15,27
16.16,23
16.17,17
16.18,11
16.19,7
16.2,7
16.21,11
16.22,18
16.23,26
16.24,31
16.25,32
16.26,29
16.27,22
16.28,16
16.29,12
16.3,13
16.31,18
16.32,24
16.33,26
16.34,24
16.35,21
16.36,19
16.37,24
16.38,30
16.39,35
16.4,35
16.41,30
16.42,22
16.43,15
16.44,13
16.45,15
16.46,18
16.47,21
16.48,21
16.49,21
16.5,20
16.51,19
16.52,18
16.53,18
16.54,19
16.55,24
16.56,30
16.57,36
16.58,39
16.59,38
16.6,34
16.61,29
16.62,24
16.63,21
16.64,20
16.65,17
16.66,14
16.67,11
16.68,10
16.69,10
16.7,11
16.71,12
16.72,13
16.73,15
16.74,16
16.75,17
16.76,16
16.77,15
16.78,12
16.79,9
16.8,8
16.81,8
16.82,9
16.83,8
16.84,5
16.85,2
16.86,1
16.87,1
16.88,3
16.89,5
16.9,7
16.91,9
16.92,11
16.93,14
16.94,15
16.95,14
16.96,10
16.97,7
16.98,7
16.99,8
17.0,11
17.01,13
17.02,13
17.03,13
17.04,12
17.05,10
17.06,6
17.07,2
17.08,-2
17.09,-2
17.1,2
17.11,6
17.12,8
17.13,6
17.14,3
17.15,0
17.16,-3
17.17,-4
17.18,-3
17.19,1
17.2,7
17.21,13
17.22,16
17.23,16
17.24,12
17.25,7
17.26,4
17.27,3
17.28,4
17.29,5
17.3,8
17.31,12
17.32,15
17.33,17
17.34,16
17.35,12
17.36,8
17.37,5
17.38,5
17.39,4
17.4,4
17.41,2
17.42,0
17.43,-1
17.44,0
17.45,4
17.46,10
17.47,17
17.48,22
17.49,25
17.5,24
17.51,19
17.52,14
17.53,12
17.54,12
17.55,15
17.56,20
17.57,25
17.58,28
17.59,28
17.6,25
17.61,22
17.62,21
17.63,22
17.64,27
17.65,32
17.66,36
17.67,37
17.68,38
17.69,39
17.7,41
17.71,44
17.72,47
17.73,50
17.74,54
17.75,61
17.76,67
17.77,73
17.78,77
17.79,78
17.8,76
17.81,75
17.82,75
17.83,76
17.84,77
17.85,75
17.86,72
17.87,67
17.88,64
17.89,64
17.9,67
17.91,71
17.92,73
17.93,71
17.94,66
17.95,60
17.96,56
17.97,57
17.98,63
17.99,72
18.0,82
18.01,91
18.02,99
18.03,106
18.04,115
18.05,130
18.06,151
18.07,173
18.08,193
18.09,205
18.1,205
18.11,193
18.12,174
18.13,152
18.14,133
18.15,118
18.16,108
18.17,97
18.18,85
18.19,72
18.2,56
18.21,41
18.22,29
18.23,18
18.24,11
18.25,8
18.26,6
18.27,6
18.28,5
18.29,5
18.3,5
18.31,6
18.32,7
18.33,8
18.34,8
18.35,9
18.36,7
18.37,6
18.38,4
18.39,3
18.4,3
18.41,4
18.42,9
18.43,13
18.44,15
18.45,16
18.46,14
18.47,11
18.48,9
18.49,9
18.5,11
18.51,16
18.52,23
18.53,28
18.54,29
18.55,27
18.56,20
18.57,14
18.58,10
18.59,10
18.6,13
18.61,16
18.62,16
18.63,11
18.64,2
18.65,-6
18.66,-11
18.67,-11
18.68,-8
18.69,-5
18.7,-3
18.71,-2
18.72,-2
18.73,-1
18.74,-1
18.75,-2
18.76,-6
18.77,-9
18.78,-10
18.79,-9
18.8,-5
18.81,-1
18.82,0
18.83,-1
18.84,-6
18.85,-11
18.86,-13
18.87,-14
18.88,-12
18.89,-7
18.9,-2
18.91,2
18.92,5
18.93,6
18.94,3
18.95,-1
18.96,-5
18.97,-8
18.98,-10
18.99,-10
19.0,-10
19.01,-10
19.02,-10
19.03,-10
19.04,-8
19.05,-5
19.06,-2
19.07,0
19.08,0
19.09,0
19.1,-2
19.11,-3
19.12,-6
19.13,-8
19.14,-7
19.15,-2
19.16,5
19.17,14
19.18,19
19.19,22
19.2,24
19.21,24
19.22,24
19.23,25
19.24,25
19.25,25
19.26,27
19.27,28
19.28,29
19.29,28
19.3,24
19.31,19
19.32,12
19.33,6
19.34,0
19.35,-6
19.36,-10
19.37,-14
19.38,-16
19.39,-15
19.4,-11
19.41,-6
19.42,0
19.43,4
19.44,5
19.45,4
19.46,3
19.47,1
19.48,1
19.49,-1
19.5,-4
19.51,-6
19.52,-7
19.53,-6
19.54,-2
19.55,1
19.56,5
19.57,6
19.58,6
19.59,4
19.6,2
19.61,1
19.62,1
19.63,1
19.64,0
19.65,-2
19.66,-5
19.67,-4
19.68,-1
19.69,5
19.7,10
19.71,12
19.72,11
19.73,9
19.74,6
19.75,4
19.76,2
19.77,2
19.78,2
19.79,4
19.8,6
19.81,9
19.82,12
19.83,15
19.84,15
19.85,15
19.86,12
19.87,10
19.88,10
19.89,11
19.9,13
19.91,15
19.92,16
19.93,13
19.94,8
19.95,3
19.96,1
19.97,1
19.98,4
19.99,8
20.0,10
20.01,11
20.02,12
20.03,13
20.04,14
20.05,14
20.06,11
20.07,7
20.08,2
20.09,-2
20.1,-2
20.11,0
20.12,2
20.13,3
20.14,2
20.15,-1
20.16,-2
20.17,-1
20.18,1
20.19,3
20.2,3
20.21,2
20.22,0
20.23,-3
20.24,-4
20.25,-6
20.26,-7
20.27,-6
20.28,-4
20.29,-2
20.3,0
20.31,0
20.32,-1
20.33,-1
20.34,-2
20.35,-4
20.36,-5
20.37,-4
20.38,-2
20.39,2
20.4,6
20.41,8
20.42,7
20.43,4
20.44,3
20.45,1
20.46,0
20.47,0
20.48,-1
20.49,-1
20.5,0
20.51,-1
20.52,-2
20.53,-3
20.54,-3
20.55,-2
20.56,0
20.57,4
20.58,6
20.59,9
20.6,13
20.61,17
20.62,20
20.63,19
20.64,16
20.65,11
20.66,8
20.67,8
20.68,10
20.69,15
20.7,19
20.71,23
20.72,24
20.73,25
20.74,24
20.75,23
20.76,22
20.77,22
20.78,22
20.79,20
20.8,18
20.81,14
20.82,9
20.83,6
20.84,4
20.85,5
20.86,6
20.87,8
20.88,8
20.89,8
20.9,6
20.91,4
20.92,3
20.93,2
20.94,2
20.95,2
20.96,1
20.97,0
20.98,-1
20.99,-1
21.0,0
21.01,1
21.02,2
21.03,4
21.04,5
21.05,6
21.06,5
21.07,2
21.08,-3
21.09,-6
21.1,-8
21.11,-7
21.12,-6
21.13,-4
21.14,-2
21.15,0
21.16,3
21.17,6
21.18,9
21.19,11
21.2,12
21.21,11
21.22,11
21.23,11
21.24,11
21.25,11
21.26,10
21.27,8
21.28,6
21.29,6
21.3,7
21.31,9
21.32,11
21.33,11
21.34,11
21.35,8
21.36,5
21.37,3
21.38,2
21.39,2
21.4,2
21.41,2
21.42,2
21.43,3
21.44,5
21.45,8
21.46,11
21.47,13
21.48,15
21.49,14
21.5,13
21.51,12
21.52,12
21.53,11
21.54,12
21.55,11
21.56,9
21.57,7
21.58,4
21.59,1
21.6,1
21.61,2
21.62,7
21.63,11
21.64,14
21.65,15
21.66,15
21.67,13
21.68,10
21.69,8
21.7,5
21.71,2
21.72,0
21.73,0
21.74,1
21.75,4
21.76,6
21.77,7
21.78,7
21.79,7
21.8,7
21.81,8
21.82,9
21.83,10
21.84,10
21.85,10
21.86,10
21.87,10
21.88,10
21.89,9
21.9,6
21.91,2
21.92,-1
21.93,-2
21.94,-1
21.95,2
21.96,6
21.97,10
21.98,12
21.99,13
22.0,12
22.01,10
22.02,8
22.03,8
22.04,9
22.05,13
22.06,19
22.07,22
22.08,24
22.09,24
22.1,21
22.11,18
22.12,15
22.13,11
22.14,8
22.15,3
22.16,0
22.17,-3
22.18,-5
22.19,-5
22.2,-5
22.21,-4
22.22,-2
22.23,1
22.24,5
22.25,10
22.26,12
22.27,12
22.28,11
22.29,9
22.3,7
22.31,5
22.32,3
22.33,3
22.34,3
22.35,5
22.36,7
22.37,9
22.38,10
22.39,10
22.4,9
22.41,9
22.42,9
22.43,11
22.44,14
22.45,19
22.46,22
22.47,24
22.48,23
22.49,20
22.5,14
22.51,9
22.52,5
22.53,3
22.54,3
22.55,4
22.56,4
22.57,2
22.58,0
22.59,-1
22.6,-1
22.61,0
22.62,1
22.63,2
22.64,4
22.65,7
22.66,9
22.67,11
22.68,13
22.69,15
22.7,15
22.71,13
22.72,7
22.73,2
22.74,0
22.75,1
22.76,5
22.77,8
22.78,8
22.79,6
22.8,3
22.81,1
22.82,1
22.83,3
22.84,6
22.85,9
22.86,10
22.87,11
22.88,10
22.89,7
22.9,4
22.91,2
22.92,0
22.93,1
22.94,2
22.95,4
22.96,6
22.97,9
22.98,13
22.99,14
23.0,13
23.01,9
23.02,5
23.03,3
23.04,4
23.05,7
23.06,10
23.07,11
23.08,10
23.09,9
23.1,8
23.11,8
23.12,8
23.13,9
23.14,9
23.15,8
23.16,6
23.17,5
23.18,4
23.19,5
23.2,6
23.21,9
23.22,12
23.23,16
23.24,18
23.25,18
23.26,16
23.27,13
23.28,11
23.29,9
23.3,7
23.31,6
23.32,7
23.33,8
23.34,10
23.35,10
23.36,8
23.37,7
23.38,6
23.39,8
23.4,10
23.41,10
23.42,9
23.43,6
23.44,4
23.45,3
23.46,4
23.47,6
23.48,9
23.49,12
23.5,14
23.51,14
23.52,12
23.53,10
23.54,8
23.55,9
23.56,10
23.57,14
23.58,19
23.59,23
23.6,25
23.61,24
23.62,21
23.63,18
23.64,15
23.65,11
23.66,8
23.67,6
23.68,4
23.69,5
23.7,9
23.71,12
23.72,14
23.73,14
23.74,14
23.75,14
23.76,13
23.77,10
23.78,5
23.79,0
23.8,-2
23.81,-4
23.82,-4
23.83,-3
23.84,-1
23.85,1
23.86,5
23.87,9
23.88,11
23.89,11
23.9,11
23.91,11
23.92,12
23.93,11
23.94,9
23.95,6
23.96,2
23.97,0
23.98,-1
23.99,1
24.0,3
24.01,6
24.02,8
24.03,9
24.04,10
24.05,12
24.06,12
24.07,13
24.08,14
24.09,15
24.1,16
24.11,17
24.12,16
24.13,15
24.14,12
24.15,11
24.16,10
24.17,13
24.18,15
24.19,18
24.2,21
24.21,23
24.22,23
24.23,22
24.24,22
24.25,22
24.26,25
24.27,28
24.28,32
24.29,36
24.3,41
24.31,47
24.32,54
24.33,62
24.34,72
24.35,81
24.36,89
24.37,97
24.38,106
24.39,118
24.4,135
24.41,158
24.42,189
24.43,229
24.44,278
24.45,332
24.46,387
24.47,438
24.48,477
24.49,500
24.5,501
24.51,487
24.52,472
24.53,472
24.54,493
24.55,519
24.56,521
24.57,474
24.58,378
24.59,259
24.6,151
24.61,78
24.62,44
24.63,35
24.64,36
24.65,39
24.66,42
24.67,47
24.68,51
24.69,54
24.7,55
24.71,54
24.72,52
24.73,51
24.74,50
24.75,49
24.76,46
24.77,41
24.78,35
24.79,31
24.8,29
24.81,29
24.82,30
24.83,31
24.84,30
24.85,30
24.86,28
24.87,25
24.88,22
24.89,19
24.9,16
24.91,14
24.92,12
24.93,11
24.94,10
24.95,8
24.96,6
24.97,5
24.98,6
24.99,9
25.0,12
25.01,15
25.02,16
25.03,16
25.04,15
25.05,14
25.06,14
25.07,14
25.08,15
25.09,16
25.1,19
25.11,21
25.12,23
25.13,22
25.14,22
25.15,19
25.16,16
25.17,14
25.18,12
25.19,11
25.2,10
25.21,9
25.22,8
25.23,7
25.24,6
25.25,4
25.26,2
25.27,2
25.28,3
25.29,6
25.3,7
25.31,6
25.32,4
25.33,3
25.34,3
25.35,5
25.36,7
25.37,9
25.38,10
25.39,9
25.4,7
25.41,6
25.42,5
25.43,6
25.44,7
25.45,9
25.46,12
25.47,15
25.48,19
25.49,23
25.5,28
25.51,32
25.52,36
25.53,40
25.54,45
25.55,51
25.56,59
25.57,68
25.58,78
25.59,91
25.6,106
25.61,129
25.62,155
25.63,185
25.64,213
25.65,233
25.66,242
25.67,243
25.68,238
25.69,231
25.7,222
25.71,209
25.72,188
25.73,160
25.74,126
25.75,94
25.76,65
25.77,43
25.78,28
25.79,17
25.8,9
25.81,3
25.82,1
25.83,2
25.84,5
25.85,10
25.86,15
25.87,19
25.88,21
25.89,20
25.9,16
25.91,10
25.92,5
25.93,3
25.94,4
25.95,7
25.96,10
25.97,9
25.98,7
25.99,5
26.0,4
26.01,4
26.02,6
26.03,8
26.04,8
26.05,8
26.06,7
26.07,7
26.08,9
26.09,11
26.1,13
26.11,13
26.12,11
26.13,10
26.14,9
26.15,10
26.16,11
26.17,11
26.18,10
26.19,10
26.2,10
26.21,11
26.22,12
26.23,10
26.24,7
26.25,4
26.26,3
26.27,4
26.28,5
26.29,6
26.3,6
26.31,4
26.32,1
26.33,-1
26.34,-2
26.35,-2
26.36,-1
26.37,2
26.38,3
26.39,3
26.4,3
26.41,2
26.42,1
26.43,1
26.44,1
26.45,3
26.46,5
26.47,8
26.48,10
26.49,11
26.5,9
26.51,6
26.52,4
26.53,3
26.54,5
26.55,9
26.56,13
26.57,16
26.58,15
26.59,13
26.6,7
26.61,0
26.62,-5
26.63,-7
26.64,-8
26.65,-8
26.66,-5
26.67,-2
26.68,2
26.69,5
26.7,5
26.71,4
26.72,3
26.73,3
26.74,7
26.75,11
26.76,16
26.77,18
26.78,17
26.79,13
26.8,8
26.81,3
26.82,1
26.83,1
26.84,3
26.85,6
26.86,7
26.87,7
26.88,8
26.89,9
26.9,10
26.91,8
26.92,4
26.93,1
26.94,-1
26.95,0
26.96,4
26.97,7
26.98,9
26.99,8
27.0,7
27.01,6
27.02,4
27.03,3
27.04,3
27.05,4
27.06,6
27.07,7
27.08,9
27.09,10
27.1,9
27.11,9
27.12,8
27.13,8
27.14,8
27.15,11
27.16,15
27.17,18
27.18,22
27.19,26
27.2,33
27.21,43
27.22,55
27.23,66
27.24,75
27.25,80
27.26,82
27.27,81
27.28,76
27.29,69
27.3,60
27.31,51
27.32,43
27.33,35
27.34,28
27.35,20
27.36,13
27.37,6
27.38,3
27.39,4
27.4,6
27.41,9
27.42,11
27.43,11
27.44,8
27.45,5
27.46,4
27.47,3
27.48,5
27.49,6
27.5,5
27.51,4
27.52,3
27.53,4
27.54,6
27.55,8
27.56,10
27.57,12
27.58,13
27.59,13
27.6,13
27.61,11
27.62,10
27.63,10
27.64,13
27.65,16
27.66,17
27.67,15
27.68,10
27.69,4
27.7,0
27.71,0
27.72,3
27.73,7
27.74,9
27.75,9
27.76,9
27.77,8
27.78,8
27.79,9
27.8,10
27.81,10
27.82,9
27.83,7
27.84,5
27.85,2
27.86,0
27.87,0
27.88,0
27.89,0
27.9,1
27.91,1
27.92,2
27.93,2
27.94,2
27.95,3
27.96,6
27.97,9
27.98,12
27.99,14
28.0,15
28.01,15
28.02,17
28.03,21
28.04,27
28.05,34
28.06,39
28.07,41
28.08,41
28.09,39
28.1,38
28.11,37
28.12,35
28.13,32
28.14,28
28.15,22
28.16,17
28.17,12
28.18,9
28.19,8
28.2,8
28.21,7
28.22,4
28.23,-1
28.24,-5
28.25,-7
28.26,-5
28.27,1
28.28,6
28.29,9
28.3,8
28.31,4
28.32,0
28.33,-3
28.34,-5
28.35,-5
28.36,-5
28.37,-5
28.38,-3
28.39,0
28.4,5
28.41,10
28.42,13
28.43,14
28.44,12
28.45,9
28.46,5
28.47,2
28.48,1
28.49,2
28.5,3
28.51,4
28.52,4
28.53,3
28.54,3
28.55,3
28.56,5
28.57,8
28.58,11
28.59,14
28.6,15
28.61,13
28.62,10
28.63,6
28.64,4
28.65,4
28.66,6
28.67,8
28.68,12
28.69,15
28.7,18
28.71,22
28.72,26
28.73,28
28.74,30
28.75,30
28.76,30
28.77,32
28.78,37
28.79,43
28.8,50
28.81,57
28.82,66
28.83,82
28.84,111
28.85,154
28.86,211
28.87,266
28.88,304
28.89,315
28.9,299
28.91,268
28.92,238
28.93,216
28.94,197
28.95,176
28.96,146
28.97,111
28.98,76
28.99,48
29.0,31
29.01,20
29.02,16
29.03,15
29.04,14
29.05,12
29.06,9
29.07,4
29.08,1
29.09,-2
29.1,-2
29.11,-1
29.12,2
29.13,3
29.14,4
29.15,3
29.16,2
29.17,2
29.18,2
29.19,2
29.2,2
29.21,1
29.22,1
29.23,3
29.24,5
29.25,6
29.26,6
29.27,6
29.28,8
29.29,11
29.3,15
29.31,18
29.32,19
29.33,20
29.34,24
29.35,32
29.36,44
29.37,56
29.38,66
29.39,73
29.4,78
29.41,86
29.42,98
29.43,118
29.44,142
29.45,171
29.46,199
29.47,226
29.48,248
29.49,261
29.5,264
29.51,256
29.52,239
29.53,216
29.54,189
29.55,160
29.56,131
29.57,101
29.58,73
29.59,49
29.6,31
29.61,20
29.62,15
29.63,15
29.64,19
29.65,22
29.66,21
29.67,16
29.68,8
29.69,-1
29.7,-6
29.71,-7
29.72,-3
29.73,3
29.74,8
29.75,10
29.76,10
29.77,7
29.78,4
29.79,1
29.8,-2
29.81,-3
29.82,-1
29.83,3
29.84,8
29.85,12
29.86,16
29.87,19
29.88,20
29.89,21
29.9,21
29.91,21
29.92,21
29.93,23
29.94,27
29.95,33
29.96,37
29.97,39
29.98,40
29.99,40
30.0,42
30.01,46
30.02,51
30.03,53
30.04,52
30.05,47
30.06,41
30.07,35
30.08,29
30.09,25
30.1,22
30.11,19
30.12,17
30.13,15
30.14,13
30.15,11
30.16,11
30.17,11
30.18,11
30.19,11
30.2,9
30.21,5
30.22,1
30.23,-3
30.24,-4
30.25,-4
30.26,-3
30.27,-2
30.28,-1
30.29,0
30.3,0
30.31,1
30.32,1
30.33,2
30.34,3
30.35,5
30.36,8
30.37,9
30.38,8
30.39,7
30.4,6
30.41,6
30.42,5
30.43,6
30.44,7
30.45,10
30.46,16
30.47,23
30.48,30
30.49,35
30.5,38
30.51,39
30.52,40
30.53,43
30.54,47
30.55,52
30.56,58
30.57,64
30.58,70
30.59,75
30.6,78
30.61,79
30.62,79
30.63,77
30.64,76
30.65,73
30.66,68
30.67,62
30.68,55
30.69,49
30.7,41
30.71,33
30.72,26
30.73,19
30.74,14
30.75,11
30.76,10
30.77,9
30.78,9
30.79,9
30.8,9
30.81,8
30.82,6
30.83,3
30.84,2
30.85,1
30.86,2
30.87,3
30.88,5
30.89,6
30.9,6
30.91,5
30.92,4
30.93,2
30.94,0
30.95,-1
30.96,-2
30.97,-2
30.98,-3
30.99,-3
31.0,-3
31.01,-3
31.02,-2
31.03,-1
31.04,-1
31.05,-2
31.06,-2
31.07,-2
31.08,-2
31.09,0
31.1,0
31.11,0
31.12,-1
31.13,-2
31.14,-3
31.15,-4
31.16,-4
31.17,-4
31.18,-4
31.19,-1
31.2,2
31.21,5
31.22,6
31.23,7
31.24,7
31.25,8
31.26,12
31.27,18
31.28,24
31.29,27
31.3,26
31.31,24
31.32,23
31.33,25
31.34,30
31.35,34
31.36,37
31.37,36
31.38,33
31.39,30
31.4,28
31.41,28
31.42,28
31.43,26
31.44,21
31.45,16
31.46,12
31.47,11
31.48,12
31.49,15
31.5,18
31.51,20
31.52,19
31.53,17
31.54,14
31.55,12
31.56,9
31.57,8
31.58,6
31.59,4
31.6,2
31.61,1
31.62,1
31.63,2
31.64,3
31.65,4
31.66,3
31.67,2
31.68,1
31.69,0
31.7,0
31.71,1
31.72,2
31.73,2
31.74,2
31.75,2
31.76,3
31.77,3
31.78,2
31.79,0
31.8,-2
31.81,-4
31.82,-4
31.83,-5
31.84,-5
31.85,-4
31.86,-3
31.87,-2
31.88,-2
31.89,-2
31.9,-1
31.91,-1
31.92,1
31.93,3
31.94,4
31.95,8
31.96,10
31.97,13
31.98,15
31.99,18
32.0,19
32.01,19
32.02,18
32.03,15
32.04,10
32.05,5
32.06,1
32.07,-1
32.08,0
32.09,3
32.1,5
32.11,5
32.12,2
32.13,-1
32.14,-3
32.15,-2
32.16,1
32.17,3
32.18,4
32.19,3
32.2,1
32.21,-1
32.22,-2
32.23,-3
32.24,-4
32.25,-3
32.26,-3
32.27,-2
32.28,-1
32.29,0
32.3,2
32.31,3
32.32,3
32.33,3
32.34,4
32.35,6
32.36,7
32.37,7
32.38,6
32.39,4
32.4,1
32.41,1
32.42,2
32.43,3
32.44,4
32.45,4
32.46,5
32.47,6
32.48,7
32.49,7
32.5,7
32.51,6
32.52,5
32.53,5
32.54,5
32.55,6
32.56,5
32.57,4
32.58,3
32.59,2
32.6,1
32.61,1
32.62,3
32.63,5
32.64,8
32.65,11
32.66,12
32.67,12
32.68,11
32.69,9
32.7,8
32.71,9
32.72,12
32.73,14
32.74,15
32.75,15
32.76,13
32.77,11
32.78,9
32.79,9
32.8,10
32.81,10
32.82,10
32.83,9
32.84,7
32.85,6
32.86,4
32.87,2
32.88,-1
32.89,-4
32.9,-6
32.91,-7
32.92,-4
32.93,0
32.94,5
32.95,9
32.96,10
32.97,8
32.98,6
32.99,2
33.0,0
33.01,1
33.02,3
33.03,5
33.04,6
33.05,7
33.06,6
33.07,6
33.08,6
33.09,7
33.1,9
33.11,11
33.12,12
33.13,12
33.14,11
33.15,10
33.16,9
33.17,7
33.18,6
33.19,5
33.2,5
33.21,6
33.22,8
33.23,10
33.24,12
33.25,14
33.26,13
33.27,11
33.28,8
33.29,5
33.3,1
33.31,-1
33.32,-3
33.33,-2
33.34,-1
33.35,1
33.36,4
33.37,5
33.38,8
33.39,8
33.4,7
33.41,5
33.42,4
33.43,3
33.44,3
33.45,4
33.46,4
33.47,4
33.48,5
33.49,7
33.5,10
33.51,11
33.52,13
33.53,12
33.54,13
33.55,15
33.56,20
33.57,28
33.58,36
33.59,43
33.6,47
33.61,48
33.62,48
33.63,48
33.64,47
33.65,43
33.66,38
33.67,29
33.68,19
33.69,12
33.7,8
33.71,7
33.72,8
33.73,8
33.74,9
33.75,9
33.76,9
33.77,8
33.78,6
33.79,4
33.8,3
33.81,1
33.82,1
33.83,0
33.84,0
33.85,1
33.86,1
33.87,2
33.88,3
33.89,4
33.9,5
33.91,3
33.92,2
33.93,1
33.94,2
33.95,5
33.96,6
33.97,6
33.98,5
33.99,3
34.0,2
34.01,2
34.02,2
34.03,3
34.04,2
34.05,2
34.06,1
34.07,0
34.08,0
34.09,0
34.1,3
34.11,4
34.12,6
34.13,7
34.14,7
34.15,4
34.16,2
34.17,1
34.18,1
34.19,3
34.2,5
34.21,6
34.22,4
34.23,3
34.24,3
34.25,4
34.26,7
34.27,8
34.28,7
34.29,5
34.3,3
34.31,1
34.32,0
34.33,-1
34.34,-2
34.35,-3
34.36,-4
34.37,-5
34.38,-4
34.39,-2
34.4,2
34.41,5
34.42,8
34.43,7
34.44,4
34.45,0
34.46,-2
34.47,-4
34.48,-4
34.49,-3
34.5,-2
34.51,-1
34.52,1
34.53,3
34.54,4
34.55,4
34.56,4
34.57,3
34.58,2
34.59,1
34.6,0
34.61,-1
34.62,-2
34.63,-1
34.64,2
34.65,6
34.66,9
34.67,11
34.68,11
34.69,10
34.7,9
34.71,7
34.72,6
34.73,4
34.74,4
34.75,6
34.76,8
34.77,10
34.78,13
34.79,13
34.8,13
34.81,13
34.82,14
34.83,15
34.84,16
34.85,17
34.86,20
34.87,24
34.88,29
34.89,35
34.9,43
34.91,51
34.92,62
34.93,73
34.94,84
34.95,95
34.96,107
34.97,120
34.98,131
34.99,140
35.0,143
35.01,140
35.02,131
35.03,116
35.04,98
35.05,79
35.06,62
35.07,49
35.08,39
35.09,33
35.1,29
35.11,26
35.12,24
35.13,23
35.14,23
35.15,24
35.16,26
35.17,27
35.18,27
35.19,24
35.2,23
35.21,23
35.22,25
35.23,26
35.24,26
35.25,22
35.26,17
35.27,11
35.28,7
35.29,6
35.3,6
35.31,6
35.32,5
35.33,4
35.34,4
35.35,4
35.36,5
35.37,7
35.38,9
35.39,10
35.4,9
35.41,6
35.42,3
35.43,2
35.44,4
35.45,7
35.46,10
35.47,10
35.48,9
35.49,7
35.5,7
35.51,7
35.52,9
35.53,10
35.54,10
35.55,9
35.56,8
35.57,7
35.58,6
35.59,7
35.6,8
35.61,10
35.62,13
35.63,16
35.64,21
35.65,25
35.66,29
35.67,34
35.68,41
35.69,51
35.7,62
35.71,74
35.72,87
35.73,100
35.74,111
35.75,120
35.76,125
35.77,124
35.78,117
35.79,106
35.8,90
35.81,73
35.82,58
35.83,45
35.84,35
35.85,26
35.86,19
35.87,15
35.88,12
35.89,11
35.9,12
35.91,12
35.92,11
35.93,10
35.94,11
35.95,13
35.96,15
35.97,18
35.98,19
35.99,18
36.0,15
36.01,13
36.02,11
36.03,10
36.04,9
36.05,8
36.06,8
36.07,7
36.08,8
36.09,9
36.1,10
36.11,11
36.12,10
36.13,11
36.14,11
36.15,12
36.16,13
36.17,14
36.18,14
36.19,16
36.2,16
36.21,16
36.22,14
36.23,13
36.24,12
36.25,12
36.26,12
36.27,13
36.28,14
36.29,14
36.3,15
36.31,17
36.32,18
36.33,18
36.34,18
36.35,16
36.36,13
36.37,11
36.38,10
36.39,9
36.4,8
36.41,8
36.42,8
36.43,7
36.44,7
36.45,7
36.46,8
36.47,8
36.48,8
36.49,8
36.5,8
36.51,9
36.52,9
36.53,9
36.54,8
36.55,6
36.56,4
36.57,2
36.58,2
36.59,2
36.6,3
36.61,4
36.62,7
36.63,9
36.64,12
36.65,15
36.66,16
36.67,17
36.68,17
36.69,16
36.7,16
36.71,15
36.72,14
36.73,12
36.74,8
36.75,5
36.76,3
36.77,3
36.78,4
36.79,5
36.8,5
36.81,4
36.82,2
36.83,1
36.84,2
36.85,5
36.86,10
36.87,16
36.88,22
36.89,26
36.9,29
36.91,29
36.92,31
36.93,34
36.94,39
36.95,45
36.96,51
36.97,56
36.98,57
36.99,53
37.0,47
37.01,37
37.02,26
37.03,15
37.04,8
37.05,4
37.06,4
37.07,6
37.08,9
37.09,12
37.1,13
37.11,13
37.12,12
37.13,11
37.14,13
37.15,18
37.16,26
37.17,35
37.18,41
37.19,43
37.2,39
37.21,32
37.22,25
37.23,20
37.24,15
37.25,13
37.26,9
37.27,5
37.28,1
37.29,-2
37.3,-2
37.31,0
37.32,3
37.33,5
37.34,7
37.35,6
37.36,4
37.37,2
37.38,1
37.39,2
37.4,3
37.41,5
37.42,5
37.43,5
37.44,4
37.45,4
37.46,5
37.47,7
37.48,8
37.49,9
37.5,9
37.51,8
37.52,7
37.53,8
37.54,11
37.55,15
37.56,19
37.57,22
37.58,23
37.59,23
37.6,22
37.61,23
37.62,23
37.63,24
37.64,23
37.65,23
37.66,22
37.67,21
37.68,20
37.69,20
37.7,18
37.71,14
37.72,10
37.73,7
37.74,6
37.75,6
37.76,6
37.77,6
37.78,5
37.79,4
37.8,4
37.81,5
37.82,6
37.83,7
37.84,8
37.85,8
37.86,8
37.87,8
37.88,6
37.89,4
37.9,2
37.91,2
37.92,2
37.93,3
37.94,4
37.95,4
37.96,4
37.97,5
37.98,5
37.99,5
38.0,5
38.01,4
38.02,3
38.03,3
38.04,3
38.05,4
38.06,5
38.07,4
38.08,3
38.09,1
38.1,-1
38.11,-1
38.12,0
38.13,1
38.14,2
38.15,3
38.16,2
38.17,2
38.18,2
38.19,5
38.2,7
38.21,8
38.22,9
38.23,9
38.24,9
38.25,8
38.26,8
38.27,7
38.28,7
38.29,7
38.3,9
38.31,9
38.32,9
38.33,8
38.34,7
38.35,5
38.36,5
38.37,5
38.38,6
38.39,6
38.4,6
38.41,6
38.42,6
38.43,5
38.44,5
38.45,4
38.46,3
38.47,2
38.48,2
38.49,1
38.5,0
38.51,0
38.52,1
38.53,3
38.54,4
38.55,6
38.56,6
38.57,6
38.58,7
38.59,8
38.6,9
38.61,10
38.62,10
38.63,9
38.64,7
38.65,7
38.66,7
38.67,9
38.68,10
38.69,12
38.7,12
38.71,10
38.72,7
38.73,3
38.74,-2
38.75,-5
38.76,-7
38.77,-6
38.78,-4
38.79,0
38.8,4
38.81,7
38.82,10
38.83,10
38.84,9
38.85,7
38.86,5
38.87,4
38.88,4
38.89,6
38.9,9
38.91,10
38.92,10
38.93,11
38.94,12
38.95,13
38.96,14
38.97,13
38.98,12
38.99,10
39.0,9
39.01,9
39.02,10
39.03,10
39.04,11
39.05,11
39.06,11
39.07,10
39.08,9
39.09,7
39.1,6
39.11,5
39.12,5
39.13,5
39.14,6
39.15,6
39.16,6
39.17,6
39.18,6
39.19,6
39.2,6
39.21,4
39.22,2
39.23,-1
39.24,-3
39.25,-2
39.26,0
39.27,4
39.28,7
39.29,9
39.3,10
39.31,10
39.32,10
39.33,9
39.34,9
39.35,9
39.36,8
39.37,7
39.38,7
39.39,6
39.4,6
39.41,5
39.42,4
39.43,2
39.44,1
39.45,0
39.46,1
39.47,3
39.48,6
39.49,7
39.5,8
39.51,7
39.52,6
39.53,7
39.54,8
39.55,10
39.56,11
39.57,10
39.58,8
39.59,5
39.6,3
39.61,3
39.62,4
39.63,6
39.64,8
39.65,10
39.66,11
39.67,12
39.68,13
39.69,14
39.7,15
39.71,16
39.72,18
39.73,19
39.74,20
39.75,21
39.76,23
39.77,25
39.78,27
39.79,27
39.8,26
39.81,24
39.82,21
39.83,18
39.84,16
39.85,14
39.86,12
39.87,11
39.88,11
39.89,10
39.9,8
39.91,7
39.92,5
39.93,3
39.94,1
39.95,0
39.96,0
39.97,1
39.98,2
39.99,2
40.0,2
40.01,2
40.02,3
40.03,4
40.04,7
40.05,9
40.06,12
40.07,14
40.08,15
40.09,15
40.1,13
40.11,11
40.12,9
40.13,7
40.14,6
40.15,4
40.16,4
40.17,3
40.18,4
40.19,5
40.2,7
40.21,9
40.22,10
40.23,10
40.24,9
40.25,8
40.26,7
40.27,7
40.28,6
40.29,6
40.3,7
40.31,8
40.32,9
40.33,9
40.34,8
40.35,5
40.36,3
40.37,2
40.38,2
40.39,2
40.4,3
40.41,4
40.42,5
40.43,6
40.44,6
40.45,8
40.46,8
40.47,8
40.48,7
40.49,5
40.5,3
40.51,0
40.52,-2
40.53,-2
40.54,-1
40.55,1
40.56,4
40.57,6
40.58,6
40.59,5
40.6,5
40.61,5
40.62,6
40.63,7
40.64,9
40.65,9
40.66,7
40.67,5
40.68,2
40.69,0
40.7,-1
40.71,-1
40.72,-1
40.73,-1
40.74,-1
40.75,-1
40.76,-1
40.77,1
40.78,3
40.79,4
40.8,4
40.81,3
40.82,2
40.83,2
40.84,2
40.85,3
40.86,3
40.87,2
40.88,1
40.89,1
40.9,2
40.91,5
40.92,8
40.93,9
40.94,9
40.95,6
40.96,4
40.97,2
40.98,2
40.99,2
41.0,4
41.01,5
41.02,5
41.03,5
41.04,5
41.05,4
41.06,4
41.07,4
41.08,4
41.09,4
41.1,3
41.11,2
41.12,1
41.13,0
41.14,0
41.15,0
41.16,1
41.17,3
41.18,5
41.19,6
41.2,6
41.21,4
41.22,3
41.23,2
41.24,3
41.25,5
41.26,6
41.27,7
41.28,7
41.29,7
41.3,7
41.31,6
41.32,6
41.33,8
41.34,10
41.35,14
41.36,17
41.37,20
41.38,21
41.39,20
41.4,19
41.41,18
41.42,15
41.43,13
41.44,10
41.45,8
41.46,8
41.47,9
41.48,10
41.49,12
41.5,13
41.51,15
41.52,17
41.53,19
41.54,21
41.55,24
41.56,27
41.57,32
41.58,38
41.59,44
41.6,51
41.61,56
41.62,58
41.63,58
41.64,55
41.65,51
41.66,45
41.67,38
41.68,30
41.69,24
41.7,18
41.71,14
41.72,12
41.73,11
41.74,9
41.75,7
41.76,5
41.77,3
41.78,2
41.79,2
41.8,3
41.81,5
41.82,7
41.83,7
41.84,7
41.85,6
41.86,5
41.87,5
41.88,5
41.89,6
41.9,6
41.91,6
41.92,7
41.93,9
41.94,10
41.95,9
41.96,8
41.97,5
41.98,2
41.99,0
42.0,1
42.01,2
42.02,4
42.03,6
42.04,8
42.05,9
42.06,8
42.07,6
42.08,4
42.09,1
42.1,-1
42.11,-2
42.12,-3
42.13,-3
42.14,-3
42.15,-1
42.16,1
42.17,3
42.18,5
42.19,7
42.2,8
42.21,8
42.22,6
42.23,2
42.24,-3
42.25,-5
42.26,-5
42.27,-3
42.28,0
42.29,2
42.3,3
42.31,2
42.32,0
42.33,-1
42.34,-2
42.35,-2
42.36,-3
42.37,-3
42.38,-2
42.39,-1
42.4,0
42.41,1
42.42,1
42.43,2
42.44,3
42.45,6
42.46,6
42.47,7
42.48,6
42.49,6
42.5,6
42.51,7
42.52,7
42.53,7
42.54,6
42.55,3
42.56,1
42.57,-1
42.58,-1
42.59,1
42.6,2
42.61,4
42.62,5
42.63,6
42.64,6
42.65,5
42.66,3
42.67,2
42.68,2
42.69,3
42.7,4
42.71,6
42.72,7
42.73,7
42.74,6
42.75,4
42.76,2
42.77,1
42.78,0
42.79,1
42.8,2
42.81,3
42.82,4
42.83,5
42.84,5
42.85,5
42.86,5
42.87,7
42.88,8
42.89,11
42.9,14
42.91,18
42.92,23
42.93,28
42.94,33
42.95,37
42.96,39
42.97,39
42.98,36
42.99,32
43.0,28
43.01,24
43.02,20
43.03,15
43.04,9
43.05,4
43.06,1
43.07,0
43.08,0
43.09,1
43.1,2
43.11,2
43.12,1
43.13,-1
43.14,-3
43.15,-4
43.16,-3
43.17,-1
43.18,1
43.19,3
43.2,4
43.21,4
43.22,4
43.23,5
43.24,5
43.25,5
43.26,3
43.27,1
43.28,-1
43.29,-1
43.3,0
43.31,2
43.32,4
43.33,5
43.34,6
43.35,7
43.36,7
43.37,6
43.38,5
43.39,5
43.4,5
43.41,5
43.42,5
43.43,3
43.44,2
43.45,0
43.46,-1
43.47,0
43.48,2
43.49,4
43.5,5
43.51,4
43.52,3
43.53,2
43.54,1
43.55,2
43.56,3
43.57,4
43.58,4
43.59,4
43.6,4
43.61,2
43.62,1
43.63,1
43.64,1
43.65,2
43.66,2
43.67,1
43.68,0
43.69,-1
43.7,-1
43.71,-1
43.72,0
43.73,2
43.74,3
43.75,3
43.76,3
43.77,3
43.78,3
43.79,3
43.8,3
43.81,2
43.82,2
43.83,1
43.84,2
43.85,4
43.86,5
43.87,5
43.88,3
43.89,0
43.9,-3
43.91,-4
43.92,-5
43.93,-4
43.94,-4
43.95,-2
43.96,0
43.97,2
43.98,4
43.99,4
44.0,3
44.01,1
44.02,-2
44.03,-3
44.04,-2
44.05,1
44.06,3
44.07,4
44.08,4
44.09,2
44.1,0
44.11,-2
44.12,-3
44.13,-3
44.14,-1
44.15,1
44.16,3
44.17,5
44.18,4
44.19,3
44.2,0
44.21,-2
44.22,-3
44.23,-2
44.24,-2
44.25,-1
44.26,0
44.27,1
44.28,1
44.29,1
44.3,1
44.31,2
44.32,3
44.33,3
44.34,3
44.35,2
44.36,2
44.37,1
44.38,0
44.39,-1
44.4,-2
44.41,-2
44.42,-2
44.43,-2
44.44,-1
44.45,0
44.46,1
44.47,3
44.48,5
44.49,6
44.5,6
44.51,4
44.52,3
44.53,2
44.54,1
44.55,2
44.56,2
44.57,2
44.58,2
44.59,2
44.6,2
44.61,1
44.62,0
44.63,0
44.64,0
44.65,1
44.66,3
44.67,4
44.68,5
44.69,5
44.7,5
44.71,4
44.72,3
44.73,2
44.74,2
44.75,1
44.76,1
44.77,-1
44.78,-1
44.79,-2
44.8,-1
44.81,-1
44.82,0
44.83,1
44.84,2
44.85,4
44.86,4
44.87,4
44.88,3
44.89,3
44.9,2
44.91,2
44.92,3
44.93,4
44.94,4
44.95,5
44.96,5
44.97,5
44.98,5
44.99,4
45.0,4
45.01,3
45.02,2
45.03,3
45.04,4
45.05,5
45.06,5
45.07,4
45.08,3
45.09,2
45.1,2
45.11,2
45.12,2
45.13,1
45.14,0
45.15,-1
45.16,-2
45.17,-1
45.18,1
45.19,2
45.2,4
45.21,5
45.22,5
45.23,5
45.24,4
45.25,3
45.26,2
45.27,1
45.28,0
45.29,0
45.3,1
45.31,3
45.32,3
45.33,3
45.34,2
45.35,1
45.36,1
45.37,1
45.38,3
45.39,4
45.4,5
45.41,6
45.42,5
45.43,4
45.44,3
45.45,2
45.46,2
45.47,3
45.48,4
45.49,4
45.5,3
45.51,2
45.52,0
45.53,-1
45.54,-1
45.55,0
45.56,2
45.57,3
45.58,4
45.59,4
45.6,3
45.61,2
45.62,0
45.63,0
45.64,0
45.65,3
45.66,4
45.67,5
45.68,5
45.69,5
45.7,6
45.71,5
45.72,5
45.73,5
45.74,5
45.75,7
45.76,9
45.77,12
45.78,13
45.79,13
45.8,13
45.81,13
45.82,16
45.83,21
45.84,28
45.85,37
45.86,46
45.87,56
45.88,65
45.89,72
45.9,76
45.91,75
45.92,70
45.93,63
45.94,54
45.95,47
45.96,41
45.97,39
45.98,42
45.99,48
46.0,57
46.01,66
46.02,73
46.03,77
46.04,75
46.05,69
46.06,58
46.07,45
46.08,32
46.09,22
46.1,14
46.11,9
46.12,6
46.13,6
46.14,7
46.15,9
46.16,10
46.17,9
46.18,7
46.19,5
46.2,4
46.21,8
46.22,15
46.23,26
46.24,36
46.25,44
46.26,47
46.27,47
46.28,46
46.29,45
46.3,43
46.31,39
46.32,33
46.33,26
46.34,19
46.35,14
46.36,10
46.37,7
46.38,5
46.39,3
46.4,1
46.41,0
46.42,1
46.43,3
46.44,4
46.45,5
46.46,5
46.47,4
46.48,3
46.49,3
46.5,3
46.51,5
46.52,7
46.53,8
46.54,8
46.55,6
46.56,4
46.57,3
46.58,2
46.59,3
46.6,5
46.61,6
46.62,7
46.63,7
46.64,6
46.65,5
46.66,4
46.67,2
46.68,0
46.69,-1
46.7,-2
46.71,-2
46.72,0
46.73,2
46.74,4
46.75,5
46.76,6
46.77,8
46.78,11
46.79,14
46.8,18
46.81,23
46.82,28
46.83,34
46.84,39
46.85,42
46.86,43
46.87,42
46.88,39
46.89,35
46.9,31
46.91,25
46.92,20
46.93,14
46.94,9
46.95,5
46.96,4
46.97,3
46.98,2
46.99,2
47.0,2
47.01,4
47.02,7
47.03,12
47.04,19
47.05,24
47.06,28
47.07,28
47.08,24
47.09,19
47.1,13
47.11,10
47.12,8
47.13,7
47.14,9
47.15,9
47.16,9
47.17,8
47.18,7
47.19,6
47.2,4
47.21,3
47.22,2
47.23,1
47.24,1
47.25,1
47.26,2
47.27,4
47.28,5
47.29,5
47.3,4
47.31,4
47.32,2
47.33,2
47.34,3
47.35,4
47.36,6
47.37,7
47.38,7
47.39,6
47.4,5
47.41,4
47.42,4
47.43,3
47.44,2
47.45,2
47.46,2
47.47,2
47.48,2
47.49,3
47.5,4
47.51,4
47.52,5
47.53,6
47.54,7
47.55,9
47.56,11
47.57,13
47.58,13
47.59,11
47.6,8
47.61,6
47.62,5
47.63,5
47.64,5
47.65,5
47.66,6
47.67,6
47.68,7
47.69,6
47.7,5
47.71,4
47.72,4
47.73,4
47.74,5
47.75,7
47.76,9
47.77,10
47.78,9
47.79,6
47.8,3
47.81,0
47.82,-1
47.83,0
47.84,4
47.85,7
47.86,10
47.87,10
47.88,9
47.89,7
47.9,4
47.91,2
47.92,1
47.93,1
47.94,2
47.95,5
47.96,8
47.97,11
47.98,12
47.99,13
48.0,12
48.01,11
48.02,11
48.03,10
48.04,9
48.05,7
48.06,5
48.07,3
48.08,0
48.09,-1
48.1,-1
48.11,-1
48.12,-2
48.13,-2
48.14,-2
48.15,-2
48.16,-1
48.17,1
48.18,2
48.19,3
48.2,4
48.21,4
48.22,3
48.23,1
48.24,-1
48.25,-2
48.26,-3
48.27,-4
48.28,-4
48.29,-3
48.3,-3
48.31,-3
48.32,-2
48.33,-1
48.34,0
48.35,1
48.36,1
48.37,1
48.38,2
48.39,1
48.4,0
48.41,0
48.42,-1
48.43,-1
48.44,-1
48.45,0
48.46,1
48.47,2
48.48,2
48.49,2
48.5,1
48.51,1
48.52,1
48.53,1
48.54,0
48.55,-1
48.56,-1
48.57,-1
48.58,-1
48.59,1
48.6,2
48.61,2
48.62,1
48.63,0
48.64,0
48.65,-1
48.66,-1
48.67,-1
48.68,-1
48.69,-1
48.7,0
48.71,1
48.72,2
48.73,2
48.74,2
48.75,2
48.76,2
48.77,1
48.78,1
48.79,1
48.8,1
48.81,1
48.82,1
48.83,1
48.84,1
48.85,1
48.86,1
48.87,0
48.88,-2
48.89,-4
48.9,-4
48.91,-3
48.92,-2
48.93,-1
48.94,1
48.95,1
48.96,0
48.97,-1
48.98,-2
48.99,-3
49.0,-3
49.01,-1
49.02,0
49.03,1
49.04,1
49.05,1
49.06,1
49.07,1
49.08,1
49.09,1
49.1,1
49.11,1
49.12,1
49.13,2
49.14,3
49.15,3
49.16,3
49.17,3
49.18,2
49.19,1
49.2,0
49.21,-1
49.22,-2
49.23,-2
49.24,-2
49.25,-2
49.26,-3
49.27,-4
49.28,-4
49.29,-4
49.3,-3
49.31,-2
49.32,0
49.33,1
49.34,2
49.35,1
49.36,1
49.37,-1
49.38,-2
49.39,-3
49.4,-3
49.41,-3
49.42,-3
49.43,-4
49.44,-4
49.45,-4
49.46,-4
49.47,-4
49.48,-4
49.49,-4
49.5,-4
49.51,-3
49.52,-3
49.53,-2
49.54,-1
49.55,-1
49.56,-1
49.57,-2
49.58,-3
49.59,-4
49.6,-4
49.61,-4
49.62,-3
49.63,-2
49.64,-1
49.65,0
49.66,1
49.67,1
49.68,2
49.69,2
49.7,3
49.71,2
49.72,0
49.73,-2
49.74,-3
49.75,-4
49.76,-3
49.77,-2
49.78,-1
49.79,0
49.8,1
49.81,2
49.82,1
49.83,1
49.84,0
49.85,0
49.86,0
49.87,0
49.88,-1
49.89,0
49.9,-1
49.91,-1
49.92,-1
49.93,0
49.94,2
49.95,3
49.96,2
49.97,1
49.98,2
49.99,1
50.0,-7
